2022-02-15	23	34	781	14	10
2022-02-15	20	29	686	12	9
2022-02-15	20	29	683	12	9
2022-02-15	20	32	689	11	10
2022-02-15	22	34	864	12	10
2022-02-15	21	34	694	13	9
2022-02-15	23	30	773	12	9
2022-02-15	23	29	891	13	9
2022-02-15	22	35	734	13	9
2022-02-15	23	30	857	11	9
2022-02-15	22	35	717	13	10
2022-02-15	22	32	759	12	9
2022-02-15	22	30	825	11	9
2022-02-15	22	28	671	14	9
2022-02-15	23	29	665	11	10
2022-02-15	22	34	834	12	10
2022-02-15	18	31	772	12	10
2022-02-15	22	29	734	14	10
2022-02-15	20	35	839	14	9
2022-02-15	23	31	749	11	10
2022-02-15	21	31	733	12	10
2022-02-15	20	34	675	14	9
2022-02-15	21	28	877	14	9
2022-02-15	23	33	765	11	9
2022-02-15	18	30	809	11	9
2022-02-15	23	31	658	14	9
2022-02-15	23	35	857	11	10
2022-02-15	23	29	679	12	9
2022-02-15	20	34	706	13	9
2022-02-15	21	34	785	11	10
2022-02-15	22	32	676	12	10
2022-02-15	23	29	876	13	9
2022-02-15	18	33	767	13	9
2022-02-15	21	29	743	14	10
2022-02-15	22	31	811	12	10
2022-02-15	22	34	856	14	9
2022-02-15	19	31	793	14	9
2022-02-15	23	28	762	13	10
2022-02-15	22	29	852	14	10
2022-02-15	23	28	894	13	10
2022-02-15	21	31	714	13	9
2022-02-15	21	35	698	11	10
2022-02-15	22	34	860	11	10
2022-02-15	20	28	867	12	10
2022-02-15	21	34	757	14	9
2022-02-15	23	32	802	14	10
2022-02-15	20	31	871	11	9
2022-02-15	20	34	735	11	10
2022-02-15	19	29	746	13	10
2022-02-15	20	28	705	13	9
2022-02-15	19	31	804	11	9
2022-02-15	21	35	676	14	9
2022-02-15	19	33	681	14	10
2022-02-15	21	30	736	12	10
2022-02-15	19	31	711	13	10
2022-02-15	21	29	785	13	9
2022-02-15	21	30	899	13	9
2022-02-15	18	32	732	14	10
2022-02-15	20	33	772	12	9
2022-02-15	23	35	824	12	9
2022-02-15	18	34	799	13	10
2022-02-15	23	30	898	11	9
2022-02-15	23	29	841	12	9
2022-02-15	21	34	865	11	10
2022-02-15	19	33	784	12	10
2022-02-15	19	31	842	11	9
2022-02-15	23	30	752	11	9
2022-02-15	19	31	801	11	9
2022-02-15	21	33	814	11	9
2022-02-15	18	30	784	14	9
2022-02-15	18	35	800	14	10
2022-02-15	23	29	773	12	9
2022-02-15	22	30	693	12	10
2022-02-15	18	35	867	11	9
2022-02-15	23	30	788	13	10
2022-02-15	18	31	738	11	10
2022-02-15	23	34	839	14	10
2022-02-15	21	28	811	14	9
2022-02-15	23	28	840	11	9
2022-02-15	22	35	827	13	10
2022-02-15	18	33	777	12	9
2022-02-15	23	31	741	13	10
2022-02-15	19	31	700	13	9
2022-02-15	21	34	871	12	9
2022-02-15	18	35	752	11	9
2022-02-15	21	33	894	13	9
2022-02-15	18	28	750	14	10
2022-02-15	19	32	748	11	10
2022-02-15	22	29	795	11	9
2022-02-15	19	31	650	11	10
2022-02-15	20	29	748	11	10
2022-02-15	21	29	663	12	10
2022-02-15	18	30	792	11	10
2022-02-15	19	28	721	13	9
2022-02-15	19	30	864	12	10
2022-02-15	23	28	824	14	10
2022-02-15	21	30	671	13	10
2022-02-15	21	35	884	13	10
2022-02-15	18	33	850	11	10
2022-02-15	18	30	821	13	9
2022-02-15	18	35	764	13	9
2022-02-15	20	35	862	12	10
2022-02-15	20	29	848	11	10
2022-02-15	22	28	679	12	9
2022-02-15	18	33	805	14	10
2022-02-15	23	32	877	11	9
2022-02-15	18	30	717	13	9
2022-02-15	18	35	727	13	9
2022-02-15	18	30	787	12	9
2022-02-15	23	32	748	13	10
2022-02-15	19	32	845	11	9
2022-02-15	23	30	700	12	9
2022-02-15	20	34	701	13	10
2022-02-15	22	29	776	11	10
2022-02-15	20	29	651	14	9
2022-02-15	19	35	764	11	10
2022-02-15	19	28	856	11	10
2022-02-15	18	30	850	11	9
2022-02-15	19	28	730	12	9
2022-02-15	22	29	772	13	10
2022-02-15	18	33	767	11	9
2022-02-15	21	33	756	13	9
2022-02-15	18	28	755	13	10
2022-02-15	23	34	813	13	9
2022-02-15	20	33	667	11	9
2022-02-15	22	33	832	14	10
2022-02-15	22	33	706	13	9
2022-02-15	21	31	790	14	9
2022-02-15	21	33	709	12	9
2022-02-15	19	35	697	14	10
2022-02-15	20	29	858	14	9
2022-02-15	21	34	677	14	10
2022-02-15	23	31	801	13	9
2022-02-15	20	32	845	13	10
2022-02-15	20	30	847	12	9
2022-02-15	22	29	809	11	10
2022-02-15	18	35	665	11	9
2022-02-15	19	34	678	11	9
2022-02-15	21	29	707	14	9
2022-02-15	18	30	689	11	9
2022-02-15	20	30	705	12	9
2022-02-15	23	28	871	12	9
2022-02-15	19	30	711	12	9
2022-02-15	18	28	836	11	9
2022-02-15	21	29	666	12	9
2022-02-15	21	30	686	13	9
2022-02-15	20	28	884	13	9
2022-02-15	22	29	888	11	9
2022-02-15	20	31	857	14	9
2022-02-15	18	31	705	12	9
2022-02-15	23	28	671	11	10
2022-02-15	23	30	718	13	9
2022-02-15	19	33	698	14	9
2022-02-15	20	35	897	11	10
2022-02-15	18	28	676	12	9
2022-02-15	21	35	783	14	9
2022-02-15	22	32	668	11	9
2022-02-15	22	31	713	13	9
2022-02-15	19	31	720	11	10
2022-02-15	21	33	693	12	9
2022-02-15	23	35	778	12	9
2022-02-15	19	29	754	13	10
2022-02-15	23	35	852	12	10
2022-02-15	19	32	650	12	10
2022-02-15	19	32	812	11	9
2022-02-15	19	29	673	13	9
2022-02-15	20	29	716	14	9
2022-02-15	22	31	800	13	9
2022-02-15	19	30	720	14	10
2022-02-15	18	31	817	12	10
2022-02-15	20	29	727	13	10
2022-02-15	23	32	798	13	9
2022-02-15	19	32	896	11	10
2022-02-15	20	31	842	14	10
2022-02-15	21	31	770	12	9
2022-02-15	20	33	846	13	9
2022-02-15	21	34	684	12	10
2022-02-15	22	31	787	13	9
2022-02-15	21	29	681	11	10
2022-02-15	22	31	703	11	10
2022-02-15	22	33	885	13	9
2022-02-15	18	28	880	14	10
2022-02-15	22	35	708	13	9
2022-02-15	20	30	774	13	9
2022-02-15	22	35	718	14	9
2022-02-15	19	31	888	14	10
2022-02-15	18	31	861	12	9
2022-02-15	21	31	810	14	9
2022-02-15	18	35	696	12	9
2022-02-15	22	34	900	13	9
2022-02-15	19	28	693	11	10
2022-02-15	18	32	678	11	9
2022-02-15	18	31	797	11	9
2022-02-15	23	32	650	11	10
2022-02-15	20	34	871	11	10
2022-02-15	19	31	771	14	10
2022-02-15	21	31	849	12	10
2022-02-15	23	33	853	14	9
2022-02-15	20	33	804	12	10
2022-02-15	21	32	750	13	9
2022-02-15	18	31	659	12	9
2022-02-15	19	35	798	13	10
2022-02-15	23	33	834	13	10
2022-02-15	20	32	660	14	9
2022-02-15	22	31	733	13	10
2022-02-15	21	35	751	13	9
2022-02-15	21	30	690	14	9
2022-02-15	23	32	799	13	9
2022-02-15	20	35	879	12	10
2022-02-15	19	29	791	11	10
2022-02-15	19	35	875	13	10
2022-02-15	21	30	651	14	9
2022-02-15	19	31	869	11	9
2022-02-15	21	35	669	14	9
2022-02-15	21	33	885	13	10
2022-02-15	22	32	733	12	9
2022-02-15	18	32	849	13	10
2022-02-15	21	34	719	12	9
2022-02-15	18	30	778	12	10
2022-02-15	19	33	699	13	10
2022-02-15	22	30	835	13	10
2022-02-15	21	30	668	12	9
2022-02-15	22	32	653	11	9
2022-02-15	23	30	665	12	10
2022-02-15	18	32	736	12	10
2022-02-15	20	28	853	14	9
2022-02-15	18	33	735	13	10
2022-02-15	20	33	791	11	10
2022-02-15	21	33	687	11	9
2022-02-15	19	31	673	14	9
2022-02-15	23	34	661	11	9
2022-02-15	23	34	803	12	10
2022-02-15	23	29	670	11	9
2022-02-15	23	31	869	13	9
2022-02-15	18	32	775	11	10
2022-02-15	18	35	850	14	10
2022-02-15	19	33	832	13	9
2022-02-15	23	29	861	11	10
2022-02-15	22	33	735	11	9
2022-02-15	22	35	727	12	10
2022-02-15	18	28	759	13	10
2022-02-15	21	32	756	12	10
2022-02-15	20	34	664	11	10
2022-02-15	22	35	682	13	9
2022-02-15	19	35	719	11	9
2022-02-15	19	33	880	11	9
2022-02-15	23	35	720	14	10
2022-02-15	20	31	788	12	10
2022-02-15	18	33	688	11	10
2022-02-15	21	30	833	14	9
2022-02-15	23	34	886	13	9
2022-02-15	20	29	801	11	10
2022-02-15	19	34	775	12	10
2022-02-15	20	29	740	14	9
2022-02-15	20	31	724	11	9
2022-02-15	19	34	849	13	9
2022-02-15	20	30	706	14	10
2022-02-15	22	28	870	12	9
2022-02-15	18	34	775	13	10
2022-02-15	18	31	855	13	9
2022-02-15	19	35	691	13	9
2022-02-15	22	30	777	14	10
2022-02-15	19	32	897	13	10
2022-02-15	21	28	769	13	9
2022-02-15	20	35	784	13	9
2022-02-15	18	35	670	11	9
2022-02-15	23	29	817	11	9
2022-02-15	23	30	656	13	10
2022-02-15	19	31	781	14	9
2022-02-15	23	30	836	14	9
2022-02-15	23	29	673	12	9
2022-02-15	20	32	883	12	10
2022-02-15	18	29	749	13	10
2022-02-15	20	30	701	14	10
2022-02-15	21	34	756	13	10
2022-02-15	21	29	664	13	9
2022-02-15	18	32	861	11	9
2022-02-15	18	28	800	11	10
2022-02-15	21	32	871	11	9
2022-02-15	19	28	850	11	10
2022-02-15	20	35	794	13	9
2022-02-15	20	34	683	13	9
2022-02-15	21	34	748	12	9
2022-02-15	21	32	765	12	9
2022-02-15	19	32	898	14	9
2022-02-15	23	32	660	14	10
2022-02-15	18	35	861	14	9
2022-02-15	22	31	740	13	9
2022-02-15	19	33	798	12	10
2022-02-15	22	33	862	13	10
